% logfile for Python side
% 1 time (sec)
% 2 Mission state
% 3,4,5 (x,y,h) (m,m,rad)
% 6 Camera frame count
% 7-9 Line sensor: line position, e*kp, control y (rad/s), validCnt
%     Line sensor: Kp=1.0, tau_z=0.8s, tau_p=0.25s
% 10,11 trip A (distance and heading change)
% 12,13 trip B (distance and heading change)
% 1771602034.4590807 robobot/cmd/ti alive 2026-02-20 16:40:34.441668
% 1771602034.4593651 robobot/cmd/ti log 1
1771602034.504268 0 -0.000 -0.000 0.001 0 0.00 0.00 0.000 0.000 0 0.000 0.001 0.0000 0.0012
1771602034.5544987 0 -0.000 -0.000 0.001 0 0.00 0.00 0.000 0.000 0 0.000 0.001 0.0000 0.0012
1771602034.5577488 0 -0.000 -0.000 0.001 0 0.00 0.00 0.000 0.000 0 0.000 0.001 0.0000 0.0012
1771602034.603714 0 -0.000 -0.000 0.001 0 0.00 0.00 0.000 0.000 0 0.000 0.001 0.0000 0.0012
1771602034.6543794 0 -0.000 -0.000 0.001 0 0.00 0.00 0.000 0.000 0 0.000 0.001 0.0000 0.0012
1771602034.6575458 0 -0.000 -0.000 0.001 0 0.00 0.00 0.000 0.000 0 0.000 0.001 0.0000 0.0012
1771602034.7040792 0 -0.000 -0.000 0.001 0 0.00 0.00 0.000 0.000 0 0.000 0.001 0.0000 0.0012
1771602034.7543209 0 -0.000 -0.000 0.001 0 0.00 0.00 0.000 0.000 0 0.000 0.001 0.0000 0.0012
1771602034.7576299 0 -0.000 -0.000 0.001 0 0.00 0.00 0.000 0.000 0 0.000 0.001 0.0000 0.0012
1771602034.8046825 0 -0.000 -0.000 0.001 0 0.00 0.00 0.000 0.000 0 0.000 0.001 0.0000 0.0012
1771602034.854337 0 -0.000 -0.000 0.001 0 0.00 0.00 0.000 0.000 0 0.000 0.001 0.0000 0.0012
1771602034.8575816 0 -0.000 -0.000 0.001 0 0.00 0.00 0.000 0.000 0 0.000 0.001 0.0000 0.0012
1771602034.9037566 0 -0.000 -0.000 0.001 0 0.00 0.00 0.000 0.000 0 0.000 0.001 0.0000 0.0012
% 1771602034.9406712 robobot/cmd/T0 enc0
% 1771602034.9407868 robobot/cmd/T0 confw 0.074 0.074 19 92 0.23
% 1771602034.9408514 robobot/cmd/T0 confi
1771602034.9543865 0 0.000 0.000 0.000 0 0.00 0.00 0.000 0.000 0 0.000 0.000 0.0000 0.0000
1771602034.9576359 0 0.000 0.000 0.000 0 0.00 0.00 0.000 0.000 0 0.000 0.000 0.0000 0.0000
% 1771602034.960031 robobot/cmd/ti alive 2026-02-20 16:40:34.441668
1771602035.0048704 0 0.000 0.000 0.000 0 0.00 0.00 0.000 0.000 0 0.000 0.000 0.0000 0.0000
% 1771602035.043762 robobot/cmd/T0 lip 1
% 1771602035.0438435 robobot/cmd/T0 sub livn 10
1771602035.0545058 0 0.000 0.000 0.000 1 0.00 0.00 0.000 0.000 0 0.000 0.000 0.0000 0.0000
1771602035.0577488 0 0.000 0.000 0.000 1 0.00 0.00 0.000 0.000 0 0.000 0.000 0.0000 0.0000
% 1771602035.064124 robobot/cmd/T0 liwi
% 1771602035.0843978 robobot/cmd/T0 leds 16 30 30 0
% 1771602035.0844767 robobot/cmd/T0 leds 16 0 0 30
% 1771602035.0845227 robobot/cmd/ti rc 0.25 0.0
% 1771602035.0845633 robobot/cmd/T0 servo 1 100 300
% 1771602035.0845735 % State change from -1 to 12
1771602035.1050587 0 0.000 -0.000 -0.001 1 0.00 0.00 0.000 0.000 0 0.000 -0.001 0.0000 -0.0012
1771602035.154652 0 0.009 -0.000 -0.002 1 0.00 0.00 0.000 0.000 0 0.006 -0.002 0.0061 -0.0023
1771602035.1579149 0 0.009 -0.000 -0.002 1 0.00 0.00 0.000 0.000 0 0.007 -0.002 0.0075 -0.0023
1771602035.20485 0 0.019 -0.000 -0.001 1 0.00 0.00 0.000 0.000 0 0.017 -0.001 0.0170 -0.0012
1771602035.2553978 0 0.031 -0.000 -0.002 1 0.00 0.00 0.000 0.000 0 0.028 -0.002 0.0281 -0.0023
1771602035.2575927 0 0.031 -0.000 -0.002 1 0.00 0.00 0.000 0.000 0 0.028 -0.002 0.0281 -0.0023
1771602035.305487 0 0.043 -0.000 -0.000 1 0.00 0.00 0.000 0.000 0 0.040 0.000 0.0397 0.0000
1771602035.3548641 0 0.055 -0.000 -0.000 1 0.00 0.00 0.000 0.000 0 0.052 0.000 0.0519 0.0000
1771602035.3581161 0 0.055 -0.000 -0.000 1 0.00 0.00 0.000 0.000 0 0.054 0.000 0.0539 0.0000
1771602035.4053333 0 0.068 -0.000 -0.001 1 0.00 0.00 0.000 0.000 0 0.066 -0.001 0.0660 -0.0012
1771602035.4551482 0 0.080 -0.000 -0.000 1 0.00 0.00 0.000 0.000 0 0.078 0.000 0.0780 0.0000
1771602035.457311 0 0.080 -0.000 -0.000 1 0.00 0.00 0.000 0.000 0 0.078 0.000 0.0780 0.0000
% 1771602035.4610844 robobot/cmd/ti alive 2026-02-20 16:40:34.441668
1771602035.5055587 0 0.093 -0.000 -0.001 1 0.00 0.00 0.000 0.000 0 0.090 -0.001 0.0900 -0.0012
1771602035.5558865 0 0.105 -0.000 -0.000 1 0.00 0.00 0.000 0.000 0 0.102 0.000 0.1020 0.0000
1771602035.5581415 0 0.105 -0.000 -0.000 1 0.00 0.00 0.000 0.000 0 0.104 0.000 0.1040 0.0000
1771602035.6052423 0 0.118 -0.000 -0.001 1 0.00 0.00 0.000 0.000 0 0.116 -0.001 0.1161 -0.0012
1771602035.6560857 0 0.130 -0.000 -0.001 1 0.00 0.00 0.000 0.000 0 0.128 -0.001 0.1280 -0.0012
1771602035.6582866 0 0.130 -0.000 -0.001 1 0.00 0.00 0.000 0.000 0 0.128 -0.001 0.1280 -0.0012
1771602035.7064767 0 0.143 -0.000 -0.000 1 0.00 0.00 0.000 0.000 0 0.140 0.000 0.1402 0.0000
1771602035.755725 0 0.156 -0.000 -0.000 1 0.00 0.00 0.000 0.000 0 0.152 0.000 0.1524 0.0000
1771602035.7579124 0 0.156 -0.000 -0.000 1 0.00 0.00 0.000 0.000 0 0.154 0.000 0.1542 0.0000
1771602035.8062975 0 0.168 -0.000 -0.001 1 0.00 0.00 0.000 0.000 0 0.166 -0.001 0.1662 -0.0012
1771602035.8563895 0 0.180 -0.000 -0.001 1 0.00 0.00 0.000 0.000 0 0.178 -0.001 0.1782 -0.0012
1771602035.857491 0 0.180 -0.000 -0.001 1 0.00 0.00 0.000 0.000 0 0.178 -0.001 0.1782 -0.0012
1771602035.90576 0 0.193 -0.000 -0.001 1 0.00 0.00 0.000 0.000 0 0.190 -0.001 0.1903 -0.0012
1771602035.9560149 0 0.206 -0.000 -0.000 1 0.00 0.00 0.000 0.000 0 0.202 0.000 0.2024 0.0000
1771602035.958219 0 0.206 -0.000 -0.000 1 0.00 0.00 0.000 0.000 0 0.204 0.000 0.2043 0.0000
% 1771602035.962087 robobot/cmd/ti alive 2026-02-20 16:40:34.441668
1771602036.006296 0 0.218 -0.000 -0.000 1 0.00 0.00 0.000 0.000 0 0.216 0.000 0.2164 0.0000
1771602036.0563116 0 0.231 -0.000 -0.001 1 0.00 0.00 0.000 0.000 0 0.228 -0.001 0.2284 -0.0012
1771602036.058564 0 0.231 -0.000 -0.001 1 0.00 0.00 0.000 0.000 0 0.228 -0.001 0.2284 -0.0012
1771602036.1059487 0 0.243 -0.000 -0.001 1 0.00 0.00 0.000 0.000 0 0.241 -0.001 0.2406 -0.0012
1771602036.1567576 0 0.256 -0.000 -0.000 1 0.00 0.00 0.000 0.000 0 0.252 0.000 0.2524 0.0000
1771602036.1578786 0 0.256 -0.000 -0.000 1 0.00 0.00 0.000 0.000 0 0.254 0.000 0.2543 0.0000
1771602036.2059956 0 0.268 -0.000 -0.000 1 0.00 0.00 0.000 0.000 0 0.266 0.000 0.2663 0.0000
1771602036.25646 0 0.281 -0.000 -0.000 1 0.00 0.00 0.000 0.000 0 0.279 0.000 0.2785 0.0000
1771602036.2575774 0 0.281 -0.000 -0.000 1 0.00 0.00 0.000 0.000 0 0.279 0.000 0.2785 0.0000
1771602036.3061094 0 0.294 -0.000 -0.000 1 0.00 0.00 0.000 0.000 0 0.291 0.000 0.2907 0.0000
1771602036.35671 0 0.306 -0.000 -0.000 1 0.00 0.00 0.000 0.000 0 0.303 0.000 0.3026 0.0000
1771602036.3579502 0 0.306 -0.000 -0.000 1 0.00 0.00 0.000 0.000 0 0.305 0.000 0.3048 0.0000
1771602036.4066846 0 0.319 -0.000 -0.000 1 0.00 0.00 0.000 0.000 0 0.317 0.000 0.3167 0.0000
1771602036.4566987 0 0.331 -0.000 -0.000 1 0.00 0.00 0.000 0.000 0 0.329 0.000 0.3287 0.0000
1771602036.4579422 0 0.331 -0.000 -0.000 1 0.00 0.00 0.000 0.000 0 0.329 0.000 0.3287 0.0000
% 1771602036.4630864 robobot/cmd/ti alive 2026-02-20 16:40:34.441668
1771602036.5077436 0 0.344 -0.000 -0.000 1 0.00 0.00 0.000 0.000 0 0.341 0.000 0.3406 0.0000
1771602036.556863 0 0.356 -0.000 -0.000 1 0.00 0.00 0.000 0.000 0 0.353 0.000 0.3526 0.0000
1771602036.5579834 0 0.356 -0.000 -0.000 1 0.00 0.00 0.000 0.000 0 0.355 0.000 0.3545 0.0000
1771602036.6072066 0 0.369 -0.000 -0.000 1 0.00 0.00 0.000 0.000 0 0.367 0.000 0.3666 0.0000
1771602036.6576397 0 0.382 -0.000 0.001 1 0.00 0.00 0.000 0.000 0 0.379 0.001 0.3787 0.0012
1771602036.6577134 0 0.382 -0.000 0.001 1 0.00 0.00 0.000 0.000 0 0.379 0.001 0.3787 0.0012
1771602036.706913 0 0.394 -0.000 0.001 1 0.00 0.00 0.000 0.000 0 0.391 0.001 0.3908 0.0012
1771602036.757315 0 0.407 -0.000 0.001 1 0.00 0.00 0.000 0.000 0 0.403 0.001 0.4029 0.0012
1771602036.7584558 0 0.407 -0.000 0.001 1 0.00 0.00 0.000 0.000 0 0.405 0.001 0.4049 0.0012
1771602036.8076673 0 0.419 -0.000 -0.000 1 0.00 0.00 0.000 0.000 0 0.417 0.000 0.4168 0.0000
1771602036.8574593 0 0.431 -0.000 -0.000 1 0.00 0.00 0.000 0.000 0 0.429 0.000 0.4287 0.0000
1771602036.8585713 0 0.431 -0.000 -0.000 1 0.00 0.00 0.000 0.000 0 0.429 0.000 0.4287 0.0000
1771602036.9067464 0 0.444 -0.000 -0.000 1 0.00 0.00 0.000 0.000 0 0.441 0.000 0.4408 0.0000
1771602036.9571195 0 0.456 -0.000 -0.000 1 0.00 0.00 0.000 0.000 0 0.453 0.000 0.4528 0.0000
1771602036.9582703 0 0.456 -0.000 -0.000 1 0.00 0.00 0.000 0.000 0 0.455 0.000 0.4547 0.0000
% 1771602036.9640667 robobot/cmd/ti alive 2026-02-20 16:40:34.441668
1771602037.0075102 0 0.469 -0.000 -0.000 1 0.00 0.00 0.000 0.000 0 0.467 0.000 0.4667 0.0000
1771602037.0577915 0 0.481 -0.000 -0.000 1 0.00 0.00 0.000 0.000 0 0.479 0.000 0.4788 0.0000
1771602037.0578673 0 0.481 -0.000 -0.000 1 0.00 0.00 0.000 0.000 0 0.479 0.000 0.4788 0.0000
1771602037.1080358 0 0.494 -0.000 -0.000 1 0.00 0.00 0.000 0.000 0 0.491 0.000 0.4908 0.0000
1771602037.1583896 0 0.506 -0.000 -0.000 1 0.00 0.00 0.000 0.000 0 0.505 0.000 0.5048 0.0000
1771602037.158523 0 0.506 -0.000 -0.000 1 0.00 0.00 0.000 0.000 0 0.505 0.000 0.5048 0.0000
% 1771602037.1863146 robobot/cmd/ti rc 0.1 0.5
% 1771602037.1865022 robobot/cmd/T0 servo 1 -800 1000
% 1771602037.1865098 % State change from 12 to 14
1771602037.2076776 0 0.519 -0.000 0.001 1 0.00 0.00 0.000 0.000 0 0.517 0.001 0.0059 0.0012
1771602037.2580578 0 0.527 -0.000 0.016 1 0.00 0.00 0.000 0.000 0 0.525 0.016 0.0144 0.0162
1771602037.2581875 0 0.527 -0.000 0.016 1 0.00 0.00 0.000 0.000 0 0.525 0.016 0.0144 0.0162
1771602037.308294 0 0.532 0.000 0.043 1 0.00 0.00 0.000 0.000 0 0.530 0.043 0.0196 0.0428
1771602037.3585958 0 0.535 0.000 0.075 1 0.00 0.00 0.000 0.000 0 0.535 0.075 0.0245 0.0752
1771602037.3586657 0 0.535 0.000 0.075 1 0.00 0.00 0.000 0.000 0 0.535 0.075 0.0245 0.0752
1771602037.4077916 0 0.540 0.001 0.102 1 0.00 0.00 0.000 0.000 0 0.539 0.102 0.0285 0.1018
1771602037.4581723 0 0.545 0.001 0.120 1 0.00 0.00 0.000 0.000 0 0.544 0.120 0.0337 0.1203
1771602037.4596808 0 0.545 0.001 0.120 1 0.00 0.00 0.000 0.000 0 0.544 0.120 0.0337 0.1203
% 1771602037.4650223 robobot/cmd/ti alive 2026-02-20 16:40:34.441668
1771602037.5084424 0 0.550 0.002 0.147 1 0.00 0.00 0.000 0.000 0 0.549 0.147 0.0386 0.1469
1771602037.5589228 0 0.555 0.003 0.169 1 0.00 0.00 0.000 0.000 0 0.555 0.169 0.0440 0.1688
1771602037.5590332 0 0.555 0.003 0.169 1 0.00 0.00 0.000 0.000 0 0.555 0.169 0.0440 0.1688
1771602037.6082156 0 0.560 0.004 0.194 1 0.00 0.00 0.000 0.000 0 0.560 0.194 0.0489 0.1943
1771602037.6584454 0 0.565 0.005 0.220 1 0.00 0.00 0.000 0.000 0 0.565 0.220 0.0537 0.2197
1771602037.6594725 0 0.565 0.005 0.220 1 0.00 0.00 0.000 0.000 0 0.565 0.220 0.0537 0.2197
1771602037.708765 0 0.570 0.006 0.245 1 0.00 0.00 0.000 0.000 0 0.569 0.245 0.0585 0.2452
1771602037.7589726 0 0.575 0.007 0.266 1 0.00 0.00 0.000 0.000 0 0.575 0.266 0.0643 0.2660
1771602037.7590423 0 0.575 0.007 0.266 1 0.00 0.00 0.000 0.000 0 0.575 0.266 0.0643 0.2660
1771602037.809152 0 0.579 0.008 0.295 1 0.00 0.00 0.000 0.000 0 0.580 0.295 0.0689 0.2949
1771602037.8595679 0 0.584 0.010 0.317 1 0.00 0.00 0.000 0.000 0 0.584 0.317 0.0737 0.3169
1771602037.8596592 0 0.584 0.010 0.317 1 0.00 0.00 0.000 0.000 0 0.584 0.317 0.0737 0.3169
1771602037.9087787 0 0.589 0.012 0.342 1 0.00 0.00 0.000 0.000 0 0.590 0.342 0.0788 0.3423
1771602037.959169 0 0.593 0.013 0.368 1 0.00 0.00 0.000 0.000 0 0.595 0.368 0.0841 0.3678
1771602037.9592395 0 0.593 0.013 0.368 1 0.00 0.00 0.000 0.000 0 0.595 0.368 0.0841 0.3678
% 1771602037.9661026 robobot/cmd/ti alive 2026-02-20 16:40:34.441668
1771602038.0092225 0 0.598 0.015 0.389 1 0.00 0.00 0.000 0.000 0 0.600 0.389 0.0891 0.3886
1771602038.0595326 0 0.603 0.017 0.415 1 0.00 0.00 0.000 0.000 0 0.605 0.415 0.0940 0.4152
1771602038.059599 0 0.603 0.017 0.415 1 0.00 0.00 0.000 0.000 0 0.605 0.415 0.0940 0.4152
1771602038.1087546 0 0.607 0.019 0.440 1 0.00 0.00 0.000 0.000 0 0.610 0.440 0.0989 0.4395
1771602038.1594539 0 0.611 0.021 0.467 1 0.00 0.00 0.000 0.000 0 0.615 0.467 0.1040 0.4672
1771602038.159549 0 0.611 0.021 0.467 1 0.00 0.00 0.000 0.000 0 0.615 0.467 0.1040 0.4672
1771602038.2096615 0 0.616 0.023 0.490 1 0.00 0.00 0.000 0.000 0 0.620 0.490 0.1092 0.4904
1771602038.2591121 0 0.620 0.026 0.513 1 0.00 0.00 0.000 0.000 0 0.625 0.513 0.1138 0.5135
1771602038.259191 0 0.620 0.026 0.513 1 0.00 0.00 0.000 0.000 0 0.625 0.513 0.1138 0.5135
1771602038.3094463 0 0.624 0.028 0.539 1 0.00 0.00 0.000 0.000 0 0.630 0.539 0.1188 0.5389
1771602038.3594465 0 0.628 0.031 0.563 1 0.00 0.00 0.000 0.000 0 0.635 0.563 0.1244 0.5632
1771602038.3595133 0 0.628 0.031 0.566 1 0.00 0.00 0.000 0.000 0 0.635 0.566 0.1244 0.5655
1771602038.4097283 0 0.632 0.033 0.590 1 0.00 0.00 0.000 0.000 0 0.640 0.590 0.1291 0.5898
1771602038.459417 0 0.636 0.036 0.610 1 0.00 0.00 0.000 0.000 0 0.645 0.610 0.1341 0.6095
1771602038.4595518 0 0.637 0.036 0.612 1 0.00 0.00 0.000 0.000 0 0.645 0.612 0.1341 0.6118
% 1771602038.4671624 robobot/cmd/ti alive 2026-02-20 16:40:34.441668
1771602038.5099967 0 0.641 0.039 0.636 1 0.00 0.00 0.000 0.000 0 0.650 0.636 0.1395 0.6361
1771602038.5590026 0 0.644 0.042 0.660 1 0.00 0.00 0.000 0.000 0 0.655 0.660 0.1444 0.6604
1771602038.5602257 0 0.644 0.042 0.663 1 0.00 0.00 0.000 0.000 0 0.655 0.663 0.1444 0.6627
1771602038.6098897 0 0.648 0.045 0.688 1 0.00 0.00 0.000 0.000 0 0.660 0.688 0.1488 0.6881
1771602038.6589491 0 0.652 0.048 0.709 1 0.00 0.00 0.000 0.000 0 0.665 0.709 0.1539 0.7089
1771602038.6600518 0 0.652 0.048 0.710 1 0.00 0.00 0.000 0.000 0 0.665 0.710 0.1539 0.7101
1771602038.7099779 0 0.656 0.052 0.732 1 0.00 0.00 0.000 0.000 0 0.670 0.732 0.1596 0.7321
1771602038.7599986 0 0.659 0.055 0.757 1 0.00 0.00 0.000 0.000 0 0.675 0.757 0.1643 0.7575
1771602038.7602918 0 0.659 0.055 0.760 1 0.00 0.00 0.000 0.000 0 0.675 0.760 0.1643 0.7598
1771602038.810278 0 0.662 0.058 0.790 1 0.00 0.00 0.000 0.000 0 0.680 0.790 0.1689 0.7899
1771602038.859309 0 0.666 0.061 0.811 1 0.00 0.00 0.000 0.000 0 0.684 0.811 0.1734 0.8107
1771602038.8604503 0 0.666 0.062 0.811 1 0.00 0.00 0.000 0.000 0 0.684 0.811 0.1734 0.8107
1771602038.9108999 0 0.670 0.066 0.833 1 0.00 0.00 0.000 0.000 0 0.691 0.833 0.1797 0.8327
1771602038.9599316 0 0.673 0.069 0.854 1 0.00 0.00 0.000 0.000 0 0.695 0.854 0.1844 0.8535
1771602038.960023 0 0.673 0.069 0.857 1 0.00 0.00 0.000 0.000 0 0.695 0.857 0.1844 0.8570
% 1771602038.9682908 robobot/cmd/ti alive 2026-02-20 16:40:34.441668
1771602039.0102973 0 0.676 0.073 0.885 1 0.00 0.00 0.000 0.000 0 0.700 0.885 0.1890 0.8847
1771602039.060453 0 0.679 0.077 0.904 1 0.00 0.00 0.000 0.000 0 0.705 0.904 0.1939 0.9044
1771602039.06155 0 0.679 0.077 0.907 1 0.00 0.00 0.000 0.000 0 0.705 0.907 0.1939 0.9067
1771602039.1109178 0 0.682 0.081 0.934 1 0.00 0.00 0.000 0.000 0 0.710 0.934 0.1994 0.9344
1771602039.159933 0 0.685 0.085 0.954 1 0.00 0.00 0.000 0.000 0 0.715 0.954 0.2044 0.9541
1771602039.1611314 0 0.685 0.085 0.958 1 0.00 0.00 0.000 0.000 0 0.715 0.958 0.2044 0.9576
1771602039.2112541 0 0.688 0.089 0.983 1 0.00 0.00 0.000 0.000 0 0.720 0.983 0.2090 0.9830
1771602039.2599277 0 0.690 0.092 1.006 1 0.00 0.00 0.000 0.000 0 0.725 1.006 0.2137 1.0061
1771602039.2610354 0 0.690 0.093 1.008 1 0.00 0.00 0.000 0.000 0 0.725 1.008 0.2137 1.0085
1771602039.310974 0 0.693 0.097 1.030 1 0.00 0.00 0.000 0.000 0 0.730 1.030 0.2195 1.0304
1771602039.3594701 0 0.695 0.101 1.051 1 0.00 0.00 0.000 0.000 0 0.735 1.051 0.2243 1.0512
1771602039.360763 0 0.696 0.102 1.054 1 0.00 0.00 0.000 0.000 0 0.735 1.054 0.2243 1.0536
1771602039.4110658 0 0.698 0.106 1.079 1 0.00 0.00 0.000 0.000 0 0.740 1.079 0.2292 1.0790
1771602039.4596457 0 0.700 0.109 1.106 1 0.00 0.00 0.000 0.000 0 0.745 1.106 0.2337 1.1056
1771602039.4609025 0 0.700 0.110 1.108 1 0.00 0.00 0.000 0.000 0 0.745 1.108 0.2337 1.1079
% 1771602039.4693983 robobot/cmd/ti alive 2026-02-20 16:40:34.441668
1771602039.5109224 0 0.702 0.115 1.131 1 0.00 0.00 0.000 0.000 0 0.751 1.131 0.2397 1.1310
1771602039.559621 0 0.704 0.118 1.152 1 0.00 0.00 0.000 0.000 0 0.755 1.152 0.2443 1.1519
1771602039.5617619 0 0.704 0.119 1.155 1 0.00 0.00 0.000 0.000 0 0.755 1.155 0.2443 1.1553
1771602039.6108923 0 0.706 0.124 1.180 1 0.00 0.00 0.000 0.000 0 0.760 1.180 0.2492 1.1796
1771602039.6597772 0 0.708 0.127 1.202 1 0.00 0.00 0.000 0.000 0 0.765 1.202 0.2539 1.2016
1771602039.6618893 0 0.708 0.128 1.205 1 0.00 0.00 0.000 0.000 0 0.765 1.205 0.2539 1.2051
1771602039.7120953 0 0.710 0.133 1.227 1 0.00 0.00 0.000 0.000 0 0.770 1.227 0.2595 1.2270
1771602039.7598953 0 0.711 0.137 1.249 1 0.00 0.00 0.000 0.000 0 0.775 1.249 0.2643 1.2490
1771602039.7621315 0 0.711 0.137 1.251 1 0.00 0.00 0.000 0.000 0 0.775 1.251 0.2643 1.2513
1771602039.8125942 0 0.713 0.142 1.274 1 0.00 0.00 0.000 0.000 0 0.780 1.274 0.2694 1.2745
1771602039.8594873 0 0.714 0.146 1.300 1 0.00 0.00 0.000 0.000 0 0.785 1.300 0.2741 1.2999
1771602039.8617537 0 0.714 0.147 1.302 1 0.00 0.00 0.000 0.000 0 0.785 1.302 0.2741 1.3022
1771602039.9118028 0 0.716 0.152 1.327 1 0.00 0.00 0.000 0.000 0 0.790 1.327 0.2795 1.3265
1771602039.9596436 0 0.717 0.156 1.351 1 0.00 0.00 0.000 0.000 0 0.795 1.351 0.2843 1.3508
1771602039.9619234 0 0.717 0.156 1.353 1 0.00 0.00 0.000 0.000 0 0.795 1.353 0.2843 1.3531
% 1771602039.970701 robobot/cmd/ti alive 2026-02-20 16:40:34.441668
1771602040.0119555 0 0.718 0.161 1.373 1 0.00 0.00 0.000 0.000 0 0.800 1.373 0.2892 1.3728
1771602040.0599232 0 0.719 0.165 1.398 1 0.00 0.00 0.000 0.000 0 0.805 1.398 0.2939 1.3982
1771602040.062125 0 0.719 0.166 1.401 1 0.00 0.00 0.000 0.000 0 0.805 1.401 0.2939 1.4005
1771602040.1127381 0 0.719 0.171 1.426 1 0.00 0.00 0.000 0.000 0 0.810 1.426 0.2993 1.4260
1771602040.1595905 0 0.720 0.175 1.447 1 0.00 0.00 0.000 0.000 0 0.815 1.447 0.3043 1.4468
1771602040.1617835 0 0.720 0.176 1.448 1 0.00 0.00 0.000 0.000 0 0.815 1.448 0.3043 1.4479
1771602040.2121577 0 0.721 0.181 1.472 1 0.00 0.00 0.000 0.000 0 0.820 1.472 0.3092 1.4722
1771602040.259872 0 0.721 0.185 1.494 1 0.00 0.00 0.000 0.000 0 0.825 1.494 0.3141 1.4942
1771602040.262076 0 0.721 0.186 1.496 1 0.00 0.00 0.000 0.000 0 0.825 1.496 0.3141 1.4965
1771602040.3123095 0 0.721 0.190 1.528 1 0.00 0.00 0.000 0.000 0 0.830 1.528 0.3195 1.5277
1771602040.3603113 0 0.721 0.195 1.545 1 0.00 0.00 0.000 0.000 0 0.835 1.545 0.3243 1.5451
1771602040.3624938 0 0.721 0.196 1.549 1 0.00 0.00 0.000 0.000 0 0.835 1.549 0.3243 1.5486
1771602040.412579 0 0.722 0.201 1.572 1 0.00 0.00 0.000 0.000 0 0.840 1.572 0.3291 1.5717
1771602040.4601057 0 0.721 0.205 1.593 1 0.00 0.00 0.000 0.000 0 0.845 1.593 0.3342 1.5925
1771602040.4634004 0 0.721 0.205 1.597 1 0.00 0.00 0.000 0.000 0 0.846 1.597 0.3349 1.5971
% 1771602040.4717774 robobot/cmd/ti alive 2026-02-20 16:40:34.441668
% 1771602040.4891021 robobot/cmd/ti rc 0 0
% 1771602040.4891894 robobot/cmd/T0 servo 1 0 1000
% 1771602040.4891975 % State change from 14 to 20
1771602040.5126224 0 0.721 0.210 1.623 1 0.00 0.00 0.000 0.000 0 0.850 1.623 0.3396 1.6226
1771602040.5604944 0 0.721 0.211 1.628 1 0.00 0.00 0.000 0.000 0 0.853 1.628 0.3417 1.6284
1771602040.562694 0 0.721 0.211 1.628 1 0.00 0.00 0.000 0.000 0 0.853 1.628 0.3417 1.6284
1771602040.6127279 0 0.721 0.211 1.628 1 0.00 0.00 0.000 0.000 0 0.853 1.628 0.3425 1.6284
1771602040.6600764 0 0.721 0.211 1.628 1 0.00 0.00 0.000 0.000 0 0.854 1.628 0.3430 1.6284
1771602040.6634278 0 0.721 0.211 1.628 1 0.00 0.00 0.000 0.000 0 0.854 1.628 0.3430 1.6284
1771602040.7134554 0 0.721 0.211 1.628 1 0.00 0.00 0.000 0.000 0 0.854 1.628 0.3433 1.6284
1771602040.7597044 0 0.721 0.211 1.628 1 0.00 0.00 0.000 0.000 0 0.854 1.628 0.3436 1.6284
1771602040.7629278 0 0.721 0.211 1.628 1 0.00 0.00 0.000 0.000 0 0.854 1.628 0.3436 1.6284
1771602040.8139014 0 0.721 0.211 1.628 1 0.00 0.00 0.000 0.000 0 0.855 1.628 0.3438 1.6284
1771602040.860935 0 0.721 0.211 1.628 2 0.00 0.00 0.000 0.000 0 0.855 1.628 0.3439 1.6284
1771602040.8630846 0 0.721 0.211 1.628 2 0.00 0.00 0.000 0.000 0 0.855 1.628 0.3439 1.6284
% 1771602040.8835623 robobot/cmd/T0 leds 16 0 64 0
1771602040.9135602 0 0.721 0.210 1.626 2 0.00 0.00 0.000 0.000 0 0.855 1.626 0.3441 1.6260
1771602040.960546 0 0.721 0.210 1.626 2 0.00 0.00 0.000 0.000 0 0.855 1.626 0.3441 1.6260
1771602040.963803 0 0.721 0.210 1.626 2 0.00 0.00 0.000 0.000 0 0.855 1.626 0.3441 1.6260
% 1771602040.973014 robobot/cmd/ti alive 2026-02-20 16:40:34.441668
1771602041.013558 0 0.721 0.210 1.626 2 0.00 0.00 0.000 0.000 0 0.855 1.626 0.3441 1.6260
1771602041.059719 0 0.721 0.210 1.628 2 0.00 0.00 0.000 0.000 0 0.855 1.628 0.3441 1.6284
1771602041.0642636 0 0.721 0.210 1.628 2 0.00 0.00 0.000 0.000 0 0.855 1.628 0.3441 1.6284
1771602041.114218 0 0.721 0.210 1.628 2 0.00 0.00 0.000 0.000 0 0.855 1.628 0.3441 1.6284
1771602041.1600242 0 0.721 0.210 1.628 2 0.00 0.00 0.000 0.000 0 0.855 1.628 0.3441 1.6284
1771602041.1643808 0 0.721 0.210 1.628 2 0.00 0.00 0.000 0.000 0 0.855 1.628 0.3441 1.6284
1771602041.21442 0 0.721 0.210 1.628 2 0.00 0.00 0.000 0.000 0 0.855 1.628 0.3440 1.6284
% 1771602041.2557948 robobot/cmd/T0 leds 16 0 30 30
1771602041.2603936 0 0.721 0.210 1.628 3 0.00 0.00 0.000 0.000 0 0.855 1.628 0.3440 1.6284
1771602041.2637012 0 0.721 0.210 1.628 3 0.00 0.00 0.000 0.000 0 0.855 1.628 0.3440 1.6284
1771602041.3139389 0 0.721 0.210 1.628 3 0.00 0.00 0.000 0.000 0 0.855 1.628 0.3440 1.6284
1771602041.3598201 0 0.721 0.210 1.628 3 0.00 0.00 0.000 0.000 0 0.855 1.628 0.3440 1.6284
1771602041.3642516 0 0.721 0.210 1.628 3 0.00 0.00 0.000 0.000 0 0.855 1.628 0.3440 1.6284
1771602041.4147077 0 0.721 0.210 1.628 3 0.00 0.00 0.000 0.000 0 0.855 1.628 0.3439 1.6284
1771602041.4606586 0 0.721 0.210 1.628 3 0.00 0.00 0.000 0.000 0 0.855 1.628 0.3439 1.6284
1771602041.4639437 0 0.721 0.210 1.628 3 0.00 0.00 0.000 0.000 0 0.855 1.628 0.3439 1.6284
% 1771602041.474094 robobot/cmd/ti alive 2026-02-20 16:40:34.441668
1771602041.5148025 0 0.721 0.210 1.628 3 0.00 0.00 0.000 0.000 0 0.855 1.628 0.3439 1.6284
1771602041.5599174 0 0.721 0.210 1.628 3 0.00 0.00 0.000 0.000 0 0.855 1.628 0.3439 1.6284
1771602041.5641298 0 0.721 0.210 1.628 3 0.00 0.00 0.000 0.000 0 0.855 1.628 0.3439 1.6284
1771602041.614353 0 0.721 0.210 1.628 3 0.00 0.00 0.000 0.000 0 0.855 1.628 0.3439 1.6284
1771602041.6600428 0 0.721 0.210 1.628 4 0.00 0.00 0.000 0.000 0 0.855 1.628 0.3439 1.6284
1771602041.665559 0 0.721 0.210 1.628 4 0.00 0.00 0.000 0.000 0 0.855 1.628 0.3439 1.6284
1771602041.7149637 0 0.721 0.210 1.628 4 0.00 0.00 0.000 0.000 0 0.855 1.628 0.3439 1.6284
1771602041.7605484 0 0.721 0.210 1.628 4 0.00 0.00 0.000 0.000 0 0.855 1.628 0.3439 1.6284
1771602041.764926 0 0.721 0.210 1.628 4 0.00 0.00 0.000 0.000 0 0.855 1.628 0.3439 1.6284
1771602041.815454 0 0.721 0.210 1.628 4 0.00 0.00 0.000 0.000 0 0.855 1.628 0.3439 1.6284
1771602041.8606114 0 0.721 0.210 1.628 4 0.00 0.00 0.000 0.000 0 0.855 1.628 0.3439 1.6284
1771602041.8649487 0 0.721 0.210 1.628 4 0.00 0.00 0.000 0.000 0 0.855 1.628 0.3439 1.6284
% 1771602041.8710809 robobot/cmd/T0 leds 16 0 64 0
1771602041.915363 0 0.721 0.210 1.628 4 0.00 0.00 0.000 0.000 0 0.855 1.628 0.3439 1.6284
1771602041.9612515 0 0.721 0.210 1.628 4 0.00 0.00 0.000 0.000 0 0.855 1.628 0.3439 1.6284
1771602041.9656806 0 0.721 0.210 1.628 4 0.00 0.00 0.000 0.000 0 0.855 1.628 0.3439 1.6284
% 1771602041.975191 robobot/cmd/ti alive 2026-02-20 16:40:34.441668
1771602042.0156934 0 0.721 0.210 1.628 4 0.00 0.00 0.000 0.000 0 0.855 1.628 0.3439 1.6284
1771602042.0608263 0 0.721 0.210 1.628 4 0.00 0.00 0.000 0.000 0 0.855 1.628 0.3439 1.6284
1771602042.0651906 0 0.721 0.210 1.628 4 0.00 0.00 0.000 0.000 0 0.855 1.628 0.3439 1.6284
1771602042.115356 0 0.721 0.210 1.628 4 0.00 0.00 0.000 0.000 0 0.855 1.628 0.3439 1.6284
1771602042.1613207 0 0.721 0.210 1.628 4 0.00 0.00 0.000 0.000 0 0.855 1.628 0.3439 1.6284
1771602042.1656034 0 0.721 0.210 1.628 4 0.00 0.00 0.000 0.000 0 0.855 1.628 0.3439 1.6284
1771602042.215823 0 0.721 0.210 1.628 4 0.00 0.00 0.000 0.000 0 0.855 1.628 0.3439 1.6284
% 1771602042.2540371 robobot/cmd/T0 leds 16 0 30 30
1771602042.2616181 0 0.721 0.210 1.628 5 0.00 0.00 0.000 0.000 0 0.855 1.628 0.3439 1.6284
1771602042.2650251 0 0.721 0.210 1.628 5 0.00 0.00 0.000 0.000 0 0.855 1.628 0.3439 1.6284
1771602042.3151567 0 0.721 0.210 1.628 5 0.00 0.00 0.000 0.000 0 0.855 1.628 0.3439 1.6284
1771602042.3610044 0 0.721 0.210 1.628 5 0.00 0.00 0.000 0.000 0 0.855 1.628 0.3439 1.6284
1771602042.3653488 0 0.721 0.210 1.628 5 0.00 0.00 0.000 0.000 0 0.855 1.628 0.3439 1.6284
1771602042.4155746 0 0.721 0.210 1.628 5 0.00 0.00 0.000 0.000 0 0.855 1.628 0.3439 1.6284
1771602042.461317 0 0.721 0.210 1.628 5 0.00 0.00 0.000 0.000 0 0.855 1.628 0.3439 1.6284
1771602042.4656827 0 0.721 0.210 1.628 5 0.00 0.00 0.000 0.000 0 0.855 1.628 0.3439 1.6284
% 1771602042.476357 robobot/cmd/ti alive 2026-02-20 16:40:34.441668
1771602042.5157566 0 0.721 0.210 1.628 5 0.00 0.00 0.000 0.000 0 0.855 1.628 0.3439 1.6284
1771602042.5613341 0 0.721 0.210 1.628 5 0.00 0.00 0.000 0.000 0 0.855 1.628 0.3439 1.6284
1771602042.56586 0 0.721 0.210 1.628 5 0.00 0.00 0.000 0.000 0 0.855 1.628 0.3439 1.6284
1771602042.6162322 0 0.721 0.210 1.628 5 0.00 0.00 0.000 0.000 0 0.855 1.628 0.3439 1.6284
% 1771602042.6569 robobot/cmd/T0 leds 16 0 64 0
1771602042.661929 0 0.721 0.210 1.628 6 0.00 0.00 0.000 0.000 0 0.855 1.628 0.3439 1.6284
1771602042.6663165 0 0.721 0.210 1.628 6 0.00 0.00 0.000 0.000 0 0.855 1.628 0.3439 1.6284
1771602042.7163546 0 0.721 0.210 1.628 6 0.00 0.00 0.000 0.000 0 0.855 1.628 0.3439 1.6284
1771602042.7609046 0 0.721 0.210 1.628 6 0.00 0.00 0.000 0.000 0 0.855 1.628 0.3439 1.6284
1771602042.7662818 0 0.721 0.210 1.628 6 0.00 0.00 0.000 0.000 0 0.855 1.628 0.3439 1.6284
1771602042.8166015 0 0.721 0.210 1.628 6 0.00 0.00 0.000 0.000 0 0.855 1.628 0.3439 1.6284
1771602042.8613122 0 0.721 0.210 1.628 6 0.00 0.00 0.000 0.000 0 0.855 1.628 0.3439 1.6284
1771602042.8660235 0 0.721 0.210 1.628 6 0.00 0.00 0.000 0.000 0 0.855 1.628 0.3439 1.6284
1771602042.9160874 0 0.721 0.210 1.628 6 0.00 0.00 0.000 0.000 0 0.855 1.628 0.3439 1.6284
1771602042.9620337 0 0.721 0.210 1.628 6 0.00 0.00 0.000 0.000 0 0.855 1.628 0.3439 1.6284
1771602042.9662766 0 0.721 0.210 1.628 6 0.00 0.00 0.000 0.000 0 0.855 1.628 0.3439 1.6284
% 1771602042.9774904 robobot/cmd/ti alive 2026-02-20 16:40:34.441668
1771602043.016638 0 0.721 0.210 1.628 6 0.00 0.00 0.000 0.000 0 0.855 1.628 0.3439 1.6284
% 1771602043.059371 robobot/cmd/T0 leds 16 0 30 30
1771602043.0616717 0 0.721 0.210 1.628 7 0.00 0.00 0.000 0.000 0 0.855 1.628 0.3439 1.6284
1771602043.067167 0 0.721 0.210 1.628 7 0.00 0.00 0.000 0.000 0 0.855 1.628 0.3439 1.6284
1771602043.1172261 0 0.721 0.210 1.628 7 0.00 0.00 0.000 0.000 0 0.855 1.628 0.3439 1.6284
1771602043.1617587 0 0.721 0.210 1.628 7 0.00 0.00 0.000 0.000 0 0.855 1.628 0.3439 1.6284
1771602043.1673758 0 0.721 0.210 1.628 7 0.00 0.00 0.000 0.000 0 0.855 1.628 0.3439 1.6284
1771602043.2177243 0 0.721 0.210 1.628 7 0.00 0.00 0.000 0.000 0 0.855 1.628 0.3439 1.6284
1771602043.2613697 0 0.721 0.210 1.628 7 0.00 0.00 0.000 0.000 0 0.855 1.628 0.3439 1.6284
1771602043.2669075 0 0.721 0.210 1.628 7 0.00 0.00 0.000 0.000 0 0.855 1.628 0.3439 1.6284
1771602043.3170931 0 0.721 0.210 1.628 7 0.00 0.00 0.000 0.000 0 0.855 1.628 0.3439 1.6284
1771602043.361709 0 0.721 0.210 1.628 7 0.00 0.00 0.000 0.000 0 0.855 1.628 0.3439 1.6284
1771602043.36712 0 0.721 0.210 1.628 7 0.00 0.00 0.000 0.000 0 0.855 1.628 0.3439 1.6284
1771602043.4176545 0 0.721 0.210 1.628 7 0.00 0.00 0.000 0.000 0 0.855 1.628 0.3439 1.6284
% 1771602043.4520557 robobot/cmd/T0 leds 16 0 64 0
1771602043.461617 0 0.721 0.210 1.628 8 0.00 0.00 0.000 0.000 0 0.855 1.628 0.3439 1.6284
1771602043.4672523 0 0.721 0.210 1.628 8 0.00 0.00 0.000 0.000 0 0.855 1.628 0.3439 1.6284
% 1771602043.478801 robobot/cmd/ti alive 2026-02-20 16:40:34.441668
1771602043.5175805 0 0.721 0.210 1.628 8 0.00 0.00 0.000 0.000 0 0.855 1.628 0.3439 1.6284
1771602043.562298 0 0.721 0.210 1.628 8 0.00 0.00 0.000 0.000 0 0.855 1.628 0.3439 1.6284
1771602043.5676644 0 0.721 0.210 1.628 8 0.00 0.00 0.000 0.000 0 0.855 1.628 0.3439 1.6284
1771602043.6177106 0 0.721 0.210 1.628 8 0.00 0.00 0.000 0.000 0 0.855 1.628 0.3439 1.6284
1771602043.661366 0 0.721 0.210 1.628 8 0.00 0.00 0.000 0.000 0 0.855 1.628 0.3439 1.6284
1771602043.6669285 0 0.721 0.210 1.628 8 0.00 0.00 0.000 0.000 0 0.855 1.628 0.3439 1.6284
1771602043.7180908 0 0.721 0.210 1.628 8 0.00 0.00 0.000 0.000 0 0.855 1.628 0.3439 1.6284
1771602043.761581 0 0.721 0.210 1.628 8 0.00 0.00 0.000 0.000 0 0.855 1.628 0.3439 1.6284
1771602043.7671452 0 0.721 0.210 1.628 8 0.00 0.00 0.000 0.000 0 0.855 1.628 0.3439 1.6284
1771602043.8183787 0 0.721 0.210 1.628 8 0.00 0.00 0.000 0.000 0 0.855 1.628 0.3439 1.6284
% 1771602043.8549852 robobot/cmd/T0 leds 16 0 30 30
1771602043.8618202 0 0.721 0.210 1.628 9 0.00 0.00 0.000 0.000 0 0.855 1.628 0.3439 1.6284
1771602043.8684928 0 0.721 0.210 1.628 9 0.00 0.00 0.000 0.000 0 0.855 1.628 0.3439 1.6284
1771602043.9177651 0 0.721 0.210 1.628 9 0.00 0.00 0.000 0.000 0 0.855 1.628 0.3439 1.6284
1771602043.961928 0 0.721 0.210 1.628 9 0.00 0.00 0.000 0.000 0 0.855 1.628 0.3439 1.6284
1771602043.968528 0 0.721 0.210 1.628 9 0.00 0.00 0.000 0.000 0 0.855 1.628 0.3439 1.6284
% 1771602043.9799714 robobot/cmd/ti alive 2026-02-20 16:40:34.441668
1771602044.018024 0 0.721 0.210 1.628 9 0.00 0.00 0.000 0.000 0 0.855 1.628 0.3439 1.6284
1771602044.0618181 0 0.721 0.210 1.628 9 0.00 0.00 0.000 0.000 0 0.855 1.628 0.3439 1.6284
1771602044.0686378 0 0.721 0.210 1.628 9 0.00 0.00 0.000 0.000 0 0.855 1.628 0.3439 1.6284
1771602044.1179678 0 0.721 0.210 1.628 9 0.00 0.00 0.000 0.000 0 0.855 1.628 0.3439 1.6284
1771602044.1618743 0 0.721 0.210 1.628 9 0.00 0.00 0.000 0.000 0 0.855 1.628 0.3439 1.6284
1771602044.1684268 0 0.721 0.210 1.628 9 0.00 0.00 0.000 0.000 0 0.855 1.628 0.3439 1.6284
1771602044.2186513 0 0.721 0.210 1.628 9 0.00 0.00 0.000 0.000 0 0.855 1.628 0.3439 1.6284
% 1771602044.2574284 robobot/cmd/T0 leds 16 0 64 0
1771602044.2623081 0 0.721 0.210 1.628 10 0.00 0.00 0.000 0.000 0 0.855 1.628 0.3439 1.6284
1771602044.268828 0 0.721 0.210 1.628 10 0.00 0.00 0.000 0.000 0 0.855 1.628 0.3439 1.6284
1771602044.318079 0 0.721 0.210 1.628 10 0.00 0.00 0.000 0.000 0 0.855 1.628 0.3439 1.6284
1771602044.3617222 0 0.721 0.210 1.628 10 0.00 0.00 0.000 0.000 0 0.855 1.628 0.3439 1.6284
1771602044.3682413 0 0.721 0.210 1.628 10 0.00 0.00 0.000 0.000 0 0.855 1.628 0.3439 1.6284
1771602044.418736 0 0.721 0.210 1.628 10 0.00 0.00 0.000 0.000 0 0.855 1.628 0.3439 1.6284
1771602044.4617314 0 0.721 0.210 1.628 10 0.00 0.00 0.000 0.000 0 0.855 1.628 0.3439 1.6284
1771602044.4693515 0 0.721 0.210 1.628 10 0.00 0.00 0.000 0.000 0 0.855 1.628 0.3439 1.6284
% 1771602044.4811957 robobot/cmd/ti alive 2026-02-20 16:40:34.441668
1771602044.5193057 0 0.721 0.210 1.628 10 0.00 0.00 0.000 0.000 0 0.855 1.628 0.3439 1.6284
1771602044.562005 0 0.721 0.210 1.628 10 0.00 0.00 0.000 0.000 0 0.855 1.628 0.3439 1.6284
1771602044.5698178 0 0.721 0.210 1.628 10 0.00 0.00 0.000 0.000 0 0.855 1.628 0.3439 1.6284
1771602044.6187963 0 0.721 0.210 1.628 10 0.00 0.00 0.000 0.000 0 0.855 1.628 0.3439 1.6284
% 1771602044.6504 robobot/cmd/T0 leds 16 0 30 30
% 1771602044.6504617 % State change from 20 to 99
1771602044.6618385 0 0.721 0.210 1.628 11 0.00 0.00 0.000 0.000 0 0.855 1.628 0.3439 1.6284
1771602044.6695786 0 0.721 0.210 1.628 11 0.00 0.00 0.000 0.000 0 0.855 1.628 0.3439 1.6284
1771602044.719705 0 0.721 0.210 1.628 11 0.00 0.00 0.000 0.000 0 0.855 1.628 0.3439 1.6284
% 1771602044.7507007 robobot/cmd/T0 leds 16 0 0 0
% 1771602044.7508905 robobot/cmd/ti rc 0 0
% 1771602044.7510939 robobot/cmd/T0 servo 1 0 0
1771602044.7623446 0 0.721 0.210 1.628 11 0.00 0.00 0.000 0.000 0 0.855 1.628 0.3439 1.6284
1771602044.7688498 0 0.721 0.210 1.628 11 0.00 0.00 0.000 0.000 0 0.855 1.628 0.3439 1.6284
1771602044.8193364 0 0.721 0.210 1.628 11 0.00 0.00 0.000 0.000 0 0.855 1.628 0.3439 1.6284
% 1771602044.8214746 robobot/cmd/ti rc 0 0
% 1771602044.841714 robobot/cmd/T0 stop
% 1771602044.8418205 robobot/cmd/T0 leds 14 0 0 0
% 1771602044.8521426 robobot/cmd/T0 leds 15 0 0 0
% 1771602044.852251 robobot/cmd/T0 leds 16 0 0 0
1771602044.861791 0 0.721 0.210 1.628 11 0.00 0.00 0.000 0.000 0 0.855 1.628 0.3439 1.6284
% 1771602044.862477 robobot/cmd/ti log 0
